0:25,11,32,23,7,27,0,15,37,5,9,29,36,14,17,10,4,31,6,35,26,39#
1:8,34,5,38,28,29,30,32,20,1,9,37,24,11,6,19,18,25,27,0#
2:21,1,39,6,13,17,9,19,29,15,23,12,28,32,22,7#
3:24,35,14,22,37,10,19,36,38,7,27,18,8,32,4,26,39,20,13,29,6,5,21,33#
4:19,23,33,8,24,32,10,5,28,31,13,35,6,11,4,14,34,9,25,36,39,30,17,3#
5:37,19,38,23,4,15,17,2,7,33,26,10,12,27,21,20,29,5#
6:7,9,26,34,27,28,6,38,30,13,1,17,36,2,29,12,37,31,32#
7:19,39,16,13,0,18,20,37,35,11,17,10,27,33,15,12,21,30,34,28,29,3,8,6#
8:16,3,28,37,24,36,13,34,38#
9:6,26,38,15,20,13,18,21,36,32,17,25,27,8,29,12,35,7,5#
10:15,8,5,27,9,18,22,26,33,4,7,30,25,16,38,17,24,39,28#
11:36,2,32,27,33,19,25,6,14,17#
12:25,15,39,34,38,8,36,37,21,4,23,5,17#
13:22,16,20,8,5,30,31,3,23,34,39,19,14,27,2,24,26,1,25,7,35,36,33#
14:28,2,7,23,20,6,35,17,33,0,38,30,31,1,22,11#
15:12,5,25,32,28,11,10,13,19,21,20,2,8,7,34,22,26,23#
16:5,37,13,16,7,12,21,9,4,18,23,29#
17:15,14,0,22,39,26,36,9,37,12,8,7,27,32,17,20,13,5#
18:23,17,20,32,13,34,25,18,33,10,12,3,14,7,9,31,21,15,2,38,19,24,5,6#
19:23,9,27,30,3,17,24,28,37,14,0,35,2,11,4,33,36,32,25,20#
20:27,28,14,30,0,21,18,6,37,3,19,34,25,1,9,7,17,8,39#
21:38,36,5,3,13,33,37,29,17,12,18,28,32#
22:29,32,19,36,0,25,7,31,27,8,37,26,17,21,1,39,5,16,38#
23:6,33,17,25,15,27,24,10,38,18,16,14,0,28,35,29,32,4,39,31,19#
24:20,25,10,18,3,35,15,23,4,13,5,21,27,39,24,37,1,2,8,34,7,33,0,17#
25:6,3,27,9,31,18,35,37,1,10,34,36,16,15,7,4,20,11,12#
26:6,19,12,13,21,9,17,3,0,15,33,39,30,11,10,4,2,34,7,8,18,28,29#
27:19,12,24,22,13,34,17,7,3,5,11,33,39,16,14,18,38,2,37,4,36,32,27,26#
28:31,39,13,36,25,14,37,2,20,15,26,19,4,6,29,1,27,35,18,17,38,3#
29:26,16,8,13,1,32,24,20,3,12,28,18,5,6,31,0,33,30,19#
30:28,17,18,38,30,12,2,19,32,16,29,27#
31:37,8,3,4,38,13,29,25,10,5,15,2,7,14,32,22,11,27,20,16,1,24#
32:34,14,39,36,25,26,22,17,1,37#
33:4,37,28,1,13,29,20,12,23,26,27,22,15#
34:38,19,14,11,16,23,36,17,5,2,18,25,15,31,27,10,30,34,4,33,3,26,0#
35:13,11,23,15,32,33,36,34,16,26,19,0,30,20,5,2,8,28,7,6,38,12,9,17,25#
36:2,27,5,33,35,18,23,10,36,16#
37:17,13,21,33,24,2,14,25,39,30,11,7,1,36,4,0,34,18,29#
38:23,5,20,19,28,30,35,29,22,8,31,17,24,36,13,0#
39:12,38,22,35,9,5,6,33,36,31,29,23,19,8,1#
40:39,21,20,10,33,13,1,26,38,23,2,3,17,24,25#
41:13,21,0,7,1,8,6,31,10,36,30,4,33,29,15,23,18,14,26,3#
42:4,3,1,14,36,22,18,7,9#
43:34,11,19,29,38,7,21,36,9,14,22,2,33,1,5#
44:1,39,9,34,10,8,32,21,0,37,4,18#
45:11,28,0,15,32,38,23,33,37,21,25,10,39,9,3,26,19,13,31,20,12,22,35,27,29#
46:17,11,22,9,1,7,13,31,4,5,36,0#
47:8,27,2,10,20,17,22,14,11,23,21#
48:24,11,5,32,37,10,16,8,9,3,12,15,20,4#
49:24,5,11,27,10,25,7,8,21,34,31,28,14,29,1,30,17,2,23,6,32,13,20,4#
