0:4,5,11,3,18,22,24,12,20,23,14,26,28,34,32,17,33,31,25,30,2,1#
1:25,27,23,5,21,31,20,2,22,32,1,11,30,8,10,19,9,12,14#
2:7,8,28,14,29,20,5,12,23,21,6,11,0,27,32#
3:14,1,9,33,4,7,19,5,24,8#
4:11,27,3,24,22,33,15,26,8,17,25,5,20,19,18,6,2#
5:3,34,8,5,24,23,6,12,29,19#
6:9,11,21,10,20,23,34,3,19,14,4,25,28,26#
7:33,1,35,29,20,0,4,14,11,22,30,28,8,12,15,9,17,18,32,2,5,7,26#
8:11,9,6,7,34,25,28,32,17,18,33,2,4,10,31,29,23,14,1,8,24#
9:22,15,1,29,4,11,32,27,2,30,9,3,20,33,0,16,34,19,10,26,25#
10:35,32,3,11,6,4,9,10,24,19,34,17,15,5,30,28#
11:6,4,34,13,0,2,27,21,5,18,14#
12:6,28,8,13,15,11,16,32,10,2,9,33,7,25,24,3,27,31,14,1,22,35#
13:13,28,26,4,15,9,27,6,12,34#
14:10,17,2,30,35,8,6,27,0,22,12,9,13,20,5#
15:12,33,4,30,9,0,22,13,24,16,25,27,26,18,34,5,11,29#
16:5,2,27,23,18,21,19,6,4,26,0,24,14,15#
17:33,18,8,4,35,25,13,23,27,3,0,19,34#
18:19,27,2,23,28,6,3,21,4,20,33,35,1,18,29,9#
19:35,28,33,3,22,9,27,7,24,20,23,12,15,6,31,34,13,1,11,0,32,29,8,5#
