0:18,23,9,2,6,15,30,36,32,28,27,4,19,11,26,13,16,14,3,33,25#
1:27,7,37,21,17,1,12,11,24,13,26,4,32,38,35,20,2,15,36,33,3,0#
2:24,10,5,32,21,37,2,27,22,36#
3:34,32,25,10,1,9,39,3,24,4,28,0,15,26,2,33#
4:32,17,13,3,27,25,2,20,22,6,14,24#
5:29,3,22,20,6,23,5,13,14,36,7,24,33,34,31,37,11,9,26#
6:22,14,33,6,12,11,32,23,20,30,21#
7:4,0,26,39,9,3,21,14,6,18,34#
8:8,36,10,23,26,3,25,6,2,35,14,33#
9:22,34,21,33,26,2,1,23,6,36,35,32,24,18,9,27,38,14#
10:28,1,31,18,19,22,24,11,0,6,10,25,2,37,32,21,20#
11:39,14,4,7,13,18,33,17,36,1,5,9,11,35,6,3,23,31,8,21#
12:4,26,0,18,36,5,16,17,32,12,38,37,14,11,30,21,28,31,10,33,25,7,9,34,29#
13:8,17,26,19,15,25,38,6,16,10,22,31,5,37#
14:0,34,27,7,37,10,15,36,6,24,5,19,31,18,8,3#
15:3,38,34,15,18,33,19,10,4,26,0,35,30,1,12,16,24#
16:32,4,19,15,9,21,20,16,7,1,8,6#
17:21,13,11,0,9,29,33,19,12,7,20,15,16,34,39,27,37,14,28,35,38,24,10,23#
18:9,21,35,25,28,5,18,7,0,11,39,15,32,4,33,14,26,31,36,8,23,27#
19:9,35,18,21,7,36,38,33,29,12,31,14,16,32,5,37,3,27,23,22,17#
20:21,14,35,5,30,7,1,9,17,18,2,19,4,34,8,29#
21:33,39,5,1,7,38,30,4,2#
22:13,27,0,28,23,22,38,21,31,37,25,7,19,12,36,14,18,8,16,3#
23:11,17,36,16,24,9,18,31,10,0,33#
24:2,28,8,24,6,21,5,18,34,15,13,0,4,9,33#
25:18,3,9,33,22,14,35,15,1,29,2,16,30,36,38,31,39,37,4#
26:22,9,39,14,34,37,36,8,38,3,17,18,4,0,33,29,25,28,32,30,10,1#
27:22,3,32,10,30,39,36,4,0,29,6#
28:18,13,30,20,34,31,39,16,35,15,25#
29:35,7,14,29,11,16,8,18,28,36,27,15#
30:9,33,15,32,26,19,1,37,20,3,14,11,25,7,5,22,29,17#
31:1,24,23,37,39,21,12,7,14,32,35,3,34,22,19,36,17,26,8,15,13,38,18,20,11#
32:1,21,33,36,6,30,10,24,14,25,23,31,34,37,12,39,29,35,2#
33:28,14,36,7,33,3,17,21,35,24,16,20,29,6,37#
34:34,35,30,20,1,21,38,11,9,25,22,0,39,29,10,37,8,23#
35:32,29,25,15,10,26,36,35,13,4,23,17#
36:13,28,3,26,31,34,16,35,32,19,12,27,9#
37:24,5,12,21,39,0,1,34,25,22,32,16,6,11,36,20,4,28,19#
38:34,0,10,36,2,11,1,6,20,12,22,31,30,27#
39:9,35,2,37,0,12,10,32,11,25,31,19,15,7,34,24,26,14,38,5,17,29#
40:1,36,16,26,18,31,3,0,30,37,20,12,5,6,4,2,19,9,29,27,28#
41:17,19,29,36,8,5,9,32,33,11,14,30,27,37,34,1,10,13,20,25,18,15,12,26,7#
42:34,0,24,31,19,17,9,4,20,22,16,11,1#
43:26,22,32,33,11,6,15,2,0,4,25,27,20,13,3,28,10,30,1#
44:37,18,19,5,20,31,10,13,24,1,16,0#
45:7,33,24,18,10,14,13,34,3,28,20,16#
46:17,11,32,20,35,38,2,27,23,31,13#
47:26,25,23,29,9,38,1,20,15#
48:21,22,6,38,9,28,2,32,12,25,18,29,7,10,24,20,0,3,4,14,1,27,23,19,5#
49:14,25,9,34,2,24,36,7,16,38#
