0:53,12,30,0,28,14,6,22,58,5,59,48,3,45,44,33,51,42,26#
1:13,4,32,24,20,35,18,55,2#
2:4,29,6,25,50,40,30,54,47,37,46,11,20,49#
3:32,59,6,42,52,38,31,49,5,46,21,12#
4:27,31,20,2,42,17,11,58,39,55,46,4,47,36#
5:9,16,42,15,24,23,1,21,37,54,19,8,41,22,38,4,3#
6:58,32,53,33,27,4,12,39,57,23,46,37,8,31,34#
7:28,8,31,59,16,39,35,25,12,42,21,24,58,15,44,27,50#
8:58,7,17,15,14,55,36,11,37,0,42#
9:23,51,0,24,19,38,20,37,9,46,8,15,49,41,34,57,5,32,44#
10:13,37,31,33,34,5,50,22,2,19,55,21,26,36,53,16#
11:21,28,31,30,55,5,13,23,3#
12:22,49,55,27,57,34,6,29,26,13,50,3,39#
13:37,8,24,4,12,46,7,56,49,47,0,52,13,19,1,53,15,28,34#
14:2,45,28,20,17,55,31,14,40,23,43,32,52,35,27,51#
15:4,27,44,40,30,13,39#
16:6,26,13,39,23,54,59,32,31,37,22,28,17,53,5,25,36,9,41,3#
17:23,2,21,58,15,17,12#
18:24,23,55,40,19,27,0,43,32,47,20#
19:1,34,41,8,56,0,54,30,10,32,53,27,7,50,52,5,19,57#
20:8,14,0,5,1,6,7,52,30#
21:48,12,27,0,53,29,30,49,25,54,37,45,57,24,17,41#
22:5,12,31,43,26,11,33,42,19,27,38,29,13,56,2#
23:25,27,47,36,32,58,6,1,19,49,48,4,30,39,33,2,0,44#
24:17,41,32,55,9,13,22,42,29,21,7,45,44,20,23,57,35#
25:44,53,30,18,40,41,29,34,10,23#
26:11,36,8,6,2,28,58,39,56,9,18,48,10,0#
27:7,6,16,37,18,31,55,10,51,39,4#
28:55,26,47,3,35,44,46,22,29,43#
29:18,56,33,40,47,31,5,2,27#
30:19,10,40,26,47,7,9,15,50,12,18,52,44,35,34,22,51,2,53#
31:59,8,52,54,27,0,26,49,42,29,19#
32:54,13,4,3,35,27,18,44,19,49,46,7,21,52#
33:22,39,16,7,35,45,5,14,52,6,33,47,58#
34:18,3,26,37,47,11,22#
35:34,2,14,27,31,16,35,11,46,40,39,13,20,21,53,5,41,59,52#
36:7,49,54,38,2,33,25,29,56,6,53,47,36#
37:26,19,42,44,14,45,3,17#
38:33,36,51,48,7,21,23,42,2,39#
39:30,34,8,35,28,9,57#
