0:25,23,8,4,1,7,15,0,26,28,34,20,35,21,5,9,16,24,14,17,32#
1:10,23,11,0,7,19,14,9,33,1,21,26,15,5,34,29,28,16,4,27,12,31,32#
2:27,29,4,31,6,28,34,16,10,2,11,3,23,32,0,25,18#
3:32,23,13,30,5,34,29,8,4,9,14,28,25,22,1,10,17,20,18,24,31#
4:7,24,22,10,31,12,8,5,16,32,30,27,35,21,9,26,15,17,4,1,29#
5:7,13,9,5,29,0,1,2,28,32,15,11#
6:16,35,0,3,29,28,30,11,13,17,18,15,22#
7:28,8,27,18,0,26,2,31,7,12,19,3#
8:8,16,22,30,29,0,20,31,26,7,12,3,17,18,32,13,6#
9:1,33,3,16,29,22,32,25,11,30,7,18,24,8,6,13,9,15,10,28,35,21,17#
10:21,1,14,2,6,30,17,24,16,31,25,12,28,18,19,5,32#
11:15,32,18,8,13,34,30,35,2,0,24,20,23,28,10,11,5,9#
12:27,22,31,1,7,16,9,28,20,12,6,21,13,0,2,4,3,5,15,10,33#
13:11,13,1,8,10,32,27,3,18,21,28,24,31,25,7,9,12,4,16,15,14#
14:1,34,24,27,14,11,33,9,0,22,26,23,20,12,30,19,29,7#
15:3,24,7,29,11,19,0,14,8,12,13,22,2,17,32,25,28,30#
16:24,25,19,0,3,4,30,9,20,22,31,17,34,18,10,2,13,12,33#
17:31,14,32,27,24,12,0,10,5,2,11,22,29,6,25,23,28,13,15,21#
18:17,22,32,5,11,12,25,19,2,9,16,35,27,3,18,10,6,28,15,1,23,33#
19:3,21,34,33,32,17,8,20,24,29,13,25,23#
