0:0,21,10,3,20,39,22,7,36,24,29,35,16,8,38#
1:2,36,8,37,14,9,28#
2:6,19,9,38,15,18,10,21,28,35,14#
3:19,33,14,37,36,4#
4:12,30,29,3,10,11,36,22,23,38,37,19,32,26,33#
5:23,0,16,32,22,12,3,26,5,25#
6:31,0,21,3,7,34,1,26#
7:29,34,12,21,22,6,26,2#
8:21,6,20,12,31,25,4,3,16#
9:39,17,26,1,9,33,6#
10:16,8,14,23,34,18,31,12,28,5#
11:9,12,27,32,3,4#
12:23,32,38,33,39,4,25#
13:20,39,18,23,8,19,6,35,15,37,11#
14:9,5,15,33,17,3,24#
15:10,24,34,7,38,39,36,30,29,8,28#
16:23,16,36,21,6,11#
17:28,38,4,10,32,14,22,37,16#
18:0,17,26,37,2,34,27,19,30,1,31#
19:21,17,23,25,29,8#
20:16,26,37,3,28,2,36,31,5,15#
21:16,7,6,9,30,34#
22:16,19,17,14,15,31,39,2,26,32,1,23,3,11#
23:26,34,24,21,10,38,36,33,28,7,23,37#
24:11,39,27,4,25,30,36#
25:14,33,11,25,27,16,9#
26:10,9,39,22,4,8#
27:25,15,17,32,8,21,18,38,3,16#
28:4,27,33,32,6,0,31,23,14,29,19,26,5,7,13#
29:16,4,3,38,39,19,5,7#
