0:20,22,7,13,27,21,16,26,8,2,3#
1:18,12,11,8,22,1,28,23,19,26,14,25,21,17#
2:8,10,14,7,6,28,16,2,5,18,12,9,22#
3:3,12,9,2,4,23,28,26#
4:20,18,22,7,8,21,19,26,17,14#
5:8,20,4,29,6,17,1,21#
6:12,0,24,1,8,17,20,5,15,21,29,2,27,11,3#
7:25,12,11,8,5,0,4,27,9,15,28#
8:15,28,20,25,11,22,26,12,0,29,19,21#
9:11,17,26,12,6,23,10,21,22,27#
10:9,25,22,28,8,7,14,27,5,2,12,4,18,10#
11:1,25,24,2,21,15,7,19,28#
12:26,4,29,22,24,16,27#
13:6,17,29,20,19,26,14#
14:3,11,20,27,28,16,9,10,14,0,26,24,29#
15:18,0,6,2,23,8#
16:7,14,18,13,3,4#
17:24,6,9,2,7,1,29,10,23,25,0,20,5,4,21#
18:29,6,14,25,15,28,0,8,19,12,7#
19:4,16,15,3,0,17,22,28,21,10,20,7,6#
20:28,27,12,20,1,11,16,18,4,26,15,14#
21:29,9,14,27,8,2,12,25,1,24,4#
22:29,14,21,27,25,5,0,23,10,4#
23:20,21,0,5,12,10,6,4,16,19#
24:26,19,12,8,10,20,23,15,25,22,16,11,24,5#
25:19,2,15,29,25,9,10,24,1,16#
26:16,0,15,22,1,12,18#
27:8,15,17,9,14,16,21,12,19,28,0,23#
28:15,25,19,3,4,23,14,26,9,29,28#
29:19,28,20,25,2,13,22,8#
30:26,13,1,15,12,22,21,27,3,18,29,20,4,6#
31:13,11,24,17,16,0,20,21,19,25,9,10,12,5#
32:17,27,13,20,3,1,4,14,18,10#
33:27,16,26,13,18,4,29#
34:0,19,14,5,20,21,11,28,25,1,17,23#
35:5,1,3,11,22,2,26,14,16,18#
36:15,16,26,5,10,2#
37:13,8,7,22,17,23,20,16,19,27,2,0,1#
38:12,15,17,3,28,24#
39:23,5,20,2,26,18,3,9,15,14,22,27,29,1#
