0:23,31,36,29,21,7,19,28#
1:31,30,37,15,11,24,9,0#
2:10,23,31,37,11,39,27,19,1,28,35,38#
3:6,7,12,27,28,33,21,2,39,16,11#
4:20,19,13,12,0,8,36,37#
5:28,23,3,19,13,6,14,39,12,18,22#
6:9,38,20,7,30,19#
7:14,11,30,6,8,5,19#
8:24,10,6,7,29,36,34,30,14,26,21,8#
9:17,26,22,33,31,34,12,32,3,36,16,10,20,2#
10:26,22,37,33,12,16,34#
11:31,24,12,17,18,38#
12:13,31,33,25,22,16,34,3,21,18,0,29#
13:35,37,39,3,8,29,23,14,24,20,12,22#
14:24,2,12,10,37,5,29,17,25,4,28#
15:25,2,33,35,19,12,38,0#
16:34,30,13,20,26,23,6,3,24,8,19,31,39#
17:27,28,23,11,6,14,3,31,13,20,16#
18:5,33,17,20,28,35,38,7,14,11,32#
19:2,10,28,17,14,3,1#
20:23,21,16,1,13,25,6#
21:2,10,11,3,33,39,21,23,5,20,1,8#
22:8,18,17,34,10,32#
23:4,2,3,25,26,6,36,10,20,15#
24:22,6,39,33,17,11,26,24,31,0,27,19,25#
25:28,24,18,3,0,9,2,29,31#
26:24,22,5,37,13,2,14#
27:39,24,3,30,7,15#
28:35,24,3,9,4,6,39,16,5,31,32,30,23,12#
29:34,38,3,1,23,4,27,12,21,36#
