0:3,26,4,39,8,31,0,2,22,1,17,36,30,32#
1:14,27,9,6,30,18,36,25,26,4,31,5,29,32,21,0,38,17,1,19,33#
2:39,3,30,24,14,7,32,11,5,21,37,19,29,15,38,36#
3:0,13,14,10,33,29,23,15,16,5,37,31#
4:21,23,20,6,32,14,15,2,28,8,39,9,10,11,24,4,3,34,17,38,29,1#
5:6,19,23,2,16,15,29,39,33,0,13,31,38,11,26,4,14,35,21,25#
6:10,39,3,12,7,32,29,16,34,20,26,8,11,36,14,37,25,0,15#
7:21,26,12,6,9,13,38,11,23,39,32,0,35,1,5,2,19,15,28,31#
8:0,37,7,6,39,15,27,9,21,38,16,23,28,26,19,5,11,17#
9:0,23,38,6,28,26,35,20,10,31,25,39,18,34,24,21,32,27,37,7,9,4,17,16,15,13,2#
10:32,27,35,37,9,19,6,31,13,22,4,28,29,7,11,10,16,39,8,34,3,12,21,25,38#
11:5,21,19,36,0,31,26,24,7,32,18,25,12,20,37,39,29,9,38,2,6,28,34,22#
12:1,14,31,13,4,28,3,38,16,30,19,35,37,10,12,22,32,36,26,27,11#
13:5,35,28,12,3,14,24,18,7,31,10,21,16,32,20#
14:28,5,18,31,37,17,15,4,21,27,2,32#
15:27,11,8,7,34,39,14,35,2,29,23,24,21,20,28#
16:25,11,16,1,2,7,26,0,28,38,18,24#
17:16,23,34,6,30,15,9,22,35,0,18,38,20,7,33,29,28,14,39,19,3,4,37,31,10,24,27#
18:32,36,34,10,24,16,12,11,39,30,27,13,35,8,7,25,20,17,37,0#
19:38,31,36,33,26,23,10,15,19,18,2,20,22,32,17,7#
