0:17,22,27,3,6,39,13,19,37,20,16,28#
1:9,39,27,0,20,7,33,36,11#
2:26,5,14,17,21,24,33,39,37,10,36,38,11,28,2,19,29,3,25,4,16,31,35,34,12#
3:21,32,7,2,15,24,29,22,3,13,28,12,36#
4:18,27,9,3,33,29,16,6,19,39,0,26,24,20,5,32,17,7,36,13,22,21#
5:24,38,12,13,23,39,7,4,36,37,6,10#
6:30,17,9,38,28,31,21,3,23,12,4,11,29,5,1,7,22,20,14,16,13,19#
7:20,25,27,38,5,6,36,14,15,16,32,12,21,7,8,9,2,34,35,30#
8:7,38,33,32,12,30,1,18,23,37,39,26#
9:36,9,17,39,28,18,5,27,25,19,22,0,6,23,20,30,38,35,33#
10:33,5,15,7,8,11,23,4,38,35,24,31,36,37,27,17#
11:33,11,37,36,21,38,23,13,16,31,3,9,20,6,34,18,26,24,7,17,22,5,30#
12:20,26,25,6,35,28,7,1,21,31,10,22,5,12,27,16,37,3,36,0#
13:0,13,9,18,2,14,38,8,22,20#
14:12,35,36,3,28,14,33,27,5#
15:25,4,17,14,18,10,22,28,23,39,21,37,15,0,34,31,8,2,13,33,35,26,20#
16:24,8,11,13,36,16,35,23,4,12,10,1,21,26,32,15,39,25,27,9,5,19,7#
17:22,39,24,11,21,25,10,30,31,7,29,14,27,20,32,26,37,1,9,17,36,6,4#
18:22,32,1,39,38,28,34,37,29#
19:2,25,28,19,36,3,27,8,32,11,23,6,10,21,37,5,12,15,26,0,30,17,29,38#
20:39,14,32,4,13,1,10,21,17,27,31#
21:8,4,34,31,25,11,22,7,33,1,26,17,3,24,39,9#
22:19,32,33,23,3,29,24,2,39,17,38,0,37,1,35,14,8,12#
23:23,3,21,28,30,39,15,34,32,19#
24:15,0,11,1,32,39,34,14,36,6,37,8,13,29,4,28,5,38,7,33,26#
25:10,20,21,32,4,15,5,26,12#
26:13,29,9,11,7,8,32,24,28,21,38,5,2#
27:3,30,28,5,37,14,6,20,19,21,16,36,25,34,35,15,27,24,38,4,22,0,33#
28:37,39,8,10,3,7,24,16,30,1,11,35,28,9,21,27,6,13#
29:8,13,16,1,34,2,3,6,23,17,15,39,33,21,20,24,18,9,27,26,5,0#
30:8,10,1,3,7,36,5,30,34,21,39,31,13,38,15,23,25,11#
31:27,7,0,28,20,12,11,37,31,39,19,34,3,18,1,29,17,14,9#
32:6,20,23,25,2,31,14,39,27,5,24,30,8#
33:11,37,15,26,29,14,8,13,31,7,36,22,12,6#
34:14,39,29,16,26,1,19,5,3,22,12,36,34,7,13,31,0,6,35,32,27,10,25,30,9#
35:29,34,7,1,30,17,23,32,22,18,4,12,39,33,38,26,31,13,15,25,35,8#
36:0,20,3,19,12,28,4,21,18,36,30,25,17,32,6,24,34,35,33,9,37,29,38#
37:14,25,3,34,17,39,33,8,31,10,7,21,22,1,5,12#
38:11,15,25,35,20,13,27,37,22,2,34,12#
39:18,9,15,5,19,23,24,31,14,34,30,22#
40:29,11,2,25,19,7,9,24,38,10,33,1,13#
41:12,21,9,37,26,34,22,20,30,14,31,6,15,13#
42:20,17,26,6,3,36,38,28,14,16,4,13,35,24,9,1,31#
43:20,5,1,12,27,2,6,0,10,39,30,16,4,3,29,38,34,13,14,24,26#
44:5,29,34,11,4,38,28,7,20,10,31,16,21,30,1,33,12,13,14,8,27,22,0,37#
45:26,6,22,14,0,23,17,3,36,12,13,2,11,24,39,5,33,8,18,7,34,32,1,25#
46:29,21,24,16,34,5,26,27,36,35,11,3,39,37,0,38,14,18#
47:24,8,29,23,12,30,15,10,0,25,16,35,4,22,11,7,37,1,34,21#
48:2,25,10,27,19,12,6,11,4,14,39,38,33#
49:31,13,16,26,38,39,23,36,9,28,14,10,7,0,32,5,12,20,34,6#
