0:24,12,16,27,25,6,9,10,28,29#
1:21,20,25,12,15,5#
2:0,28,15,24,20,7,19,9,29#
3:1,27,21,7,24,29,2,28,9#
4:1,27,20,0,2,19,3,12,23,13,24,29,5#
5:6,28,0,11,25,27,19,21,22,4,29,14#
6:19,16,0,4,20,25,26,24,18,28,5,11,14,13#
7:10,15,17,9,0,2,6#
8:18,16,0,3,23,6,26,5,21,4,28,14#
9:14,15,27,13,19,28,11,6,22,18,5,23,24,4,26#
10:20,5,12,18,0,26#
11:17,4,15,22,24,0,21,2,14,26#
12:26,23,4,11,8,27,0,24,21,6,2,7,13#
13:11,4,2,17,19,8,0,21,28,26,15,13#
14:15,3,14,22,6,25,11,12,4,21,26#
15:16,24,17,10,0,15,21,20,25,18#
16:14,29,15,20,3,1,23,24,16#
17:12,24,22,25,27,13,23,16,18,20,15,7,19,8#
18:23,20,22,14,28,29,4,17,16#
19:3,27,4,22,23,10,17#
20:1,5,10,22,20,23,7,0,8,29,17,13#
21:10,8,12,11,9,21,20,2,27,1#
22:20,22,13,6,18,23,26,7,17,27,1,11,12,24#
23:11,20,22,8,7,23,21#
24:22,14,17,0,10,18,19,13,15,7,21,24#
25:22,8,3,6,2,9,18,21,10,15,17,7,16,24#
26:27,21,17,7,12,3,6,28,10,22#
27:28,27,13,2,18,3#
28:8,21,0,25,12,2,19#
29:17,11,2,20,10,12,3,5,16,7,13,19#
30:27,21,13,12,0,25,11,16,24,20#
31:22,20,26,19,21,0,27,25,7,6,3,28#
32:28,5,9,25,23,13,6,10,16,12,14#
33:14,0,4,17,21,12,2,15,19#
34:25,2,17,22,5,6,28,11,24,14#
35:25,27,1,11,3,22,19,5,6,10,15,14,2,13,18#
36:25,26,19,29,9,8,20,17#
37:22,26,25,2,23,29,6#
38:8,21,6,12,20,27,25,4,22,5,18#
39:24,11,19,6,21,15,9,17,8,2,13,3,28,7#
