0:23,2,19,16,22,21,7,0,29,15,18,14,10,11,9,12#
1:11,21,24,23,14,15,28,19,27,16,7,22#
2:4,1,3,6,17,20,0,28,25,12,7,9,16,23,22,8#
3:3,1,20,29,18,21,28,5,25,15,7,27,10,8,6,14,11,16,13#
4:18,29,9,3,5,11,4,28,23#
5:3,13,23,17,4,5,14,29,18,6,22,28,2,27,0,24,12,10,15,21#
6:10,29,17,2,1,6,18,27,21,20,19,15,12,24,5,13,3,9#
7:14,20,4,0,1,10,11,12,6,8,21,18,26,2,9,7#
8:11,24,17,23,27,26,14,16,5,6,2,28,21,7,13,29,25,19,18,12,8,15,20,0#
9:2,28,22,5,10,20,15,18,29,12,11,6,13,1,27,21,23#
10:1,14,17,25,13,10,27,28,20,23,8#
11:18,26,27,16,9,15,24,1,29,25,14,12,13,17,5,0,19,23,2,11,10,7#
12:18,29,4,28,2,10,9,27,8,12,17,22,23,16,14,7,25#
13:16,13,10,22,18,19,7,15,9,0,26,8#
14:3,24,29,11,5,17,6,8,2,7,25,21,22,16,20,28,0,19,23,15,10,14#
15:20,5,27,18,14,26,10,1,0,16,17,23,21#
16:8,17,5,9,16,11,6,27,22,2,29,21,25,23#
17:17,22,26,1,11,20,29,28,4,2,12,7,5,6,16,21#
18:13,23,2,5,3,6,7,8,0,9,29,12,28,1,18,14,16,17,20,15#
19:26,8,11,6,24,10,22,18,14,16,1,3,5,15,4,13#
