0:0,12,30,26,25,17,34,27,3,33,24,21,2#
1:25,15,4,5,26,23,24,30,18,33,16,35,14,13,27,11,10,1#
2:35,18,16,5,7,29,1,23,0,4,15,32,34,2,22,26,24,6,27#
3:6,0,10,5,14,4,23,34,16,31,27,7,8,35,12,3,17#
4:15,3,25,11,4,23,33,8,7,2,22,0,21,6,16,1,34,28,32,5,30,20#
5:11,27,12,15,18,30,10,19,33,2,14,4,28,21,16,24,7,6,22,25,31,9#
6:34,10,6,1,0,11,5,8,4,16,22#
7:5,12,27,19,1,24,32,29,25,28#
8:9,35,28,5,33,22,13,17,29,7,19,12,14,30,34,20,23,1,18#
9:6,3,4,8,21,27,5,26,12,31,11,20,7,19,15#
10:30,8,27,33,1,31,10,20,11,3,0,25#
11:26,35,33,2,18,8,13,25,7,15,34,31,28,1,0,21#
12:5,34,17,14,21,23,31,35,29#
13:17,10,11,28,14,18,9,0,27,12#
14:10,23,5,35,17,28,14,22,33,20#
15:15,16,34,30,1,17,28,26,33,3,0,5,13,20,23,7,24,6,8,31,10,12,11,4#
16:14,20,8,21,12,7,35,29,24,33,28,11,0,4,5,18,30,23,2,10,19#
17:1,13,22,34,15,0,2,5,32#
18:33,25,6,31,30,22,17,23,29,24,9,8#
19:24,28,0,18,19,17,2,33,7,16,3,29,6,25,21,34,5,26,31,20,35#
