0:26,7,8,11,4,21,5,3,16,19,27,14,1,20,33,36,23,12,39,32,30,2,6,17#
1:17,2,10,12,4,37,38,8,5,36,19,1,14,29#
2:12,1,13,11,16,28,0,23,37,4,22,10,27,8,2,34,6,17,15,33,5,14,36#
3:0,3,8,19,18,32,33,31,11,7,26,15,21,25,27,22,36,9,38,28,5,4,35,1,23,13,6#
4:17,36,6,39,25,28,23,12,11,22,38#
5:34,0,7,6,21,4,8,39,31,37,2,11,9,10,38,23,15,18,35,27,32,16,26,24,13#
6:26,31,5,14,28,29,38,15,0,22,16,35#
7:33,11,27,35,7,6,29,23,25,12,10#
8:11,36,37,4,10,23,15,13,14,38,24,35,6,2,9,3,16,31,25,22,5#
9:20,33,11,3,25,18,29,21,4,30,0,26,14,34,27,38,16,32,37,10,22,12,15,8,2,1,13,7,17#
10:29,33,12,30,31,21,10,20,6,4,5,1,9,0,3,32,35,38,13,18,2,15,26,8,16,22,11,28,7#
11:1,36,2,4,33,23,26,5,28,7,21,15,3,0,35,38,20,34,25,8,17,27#
12:26,8,15,37,19,24,3,31,0,16,33,35,5,1,27,21,25,2,4,32,36,20,28#
13:34,36,33,14,5,15,13,24,27,4,9,0,35,12,18,32,30,28,22,19#
14:28,10,16,25,23,37,11,4,19,2,14#
15:34,32,14,30,2,10,18,28,8,0,13,35,24,25,36,4,9,11,17,23,3,37,38,16#
16:37,35,7,33,28,14,34,32,17,31,36,19,13,12,18,11,15,23,39#
17:18,3,29,0,28,25,9,39,12,20,38,7,6,21,19,8,37,11#
18:1,14,7,31,26,16,12,2,13,33,24,21,0,17,29,15,37,18,8,38,3,10,25,22,11,39,5,6#
19:29,23,31,28,18,36,15,30,11,7,13,19,26,3,14,21,1,20,34,33,27,9,5#
