0:35,7,20,31,16,23,10,11,26,32,2,15,33,8,34,3,4#
1:23,6,13,14,11,26,1,34,20,38,8#
2:20,26,32,36,2,19,4,5,23,37,38,13,34,11,9,12,31,39,14,3,15,1,16,25,29,17,21#
3:38,21,12,2,34,25,24,32,0,39,19,31,5,28,22,27,3,20,10,13,14,33,37,35,11,6,17,1,36#
4:37,31,24,7,30,10,6,2,38,3,28,29#
5:28,33,32,30,24,15,20,39,13,8,26,37,2,19,31,25,34,35,7,4,10,11#
6:19,22,34,21,24,10,29,23,8,6,27,35,3,37,26,0,14,36,15,12,18,13,33,17,28,38,5,39#
7:28,6,29,38,24,11,36,22,23,16,0,9,30,1,37,35,18,3,39,15#
8:38,23,24,26,15,12,5,14,6,9,32,28,31,27,4,22,37#
9:19,27,39,12,32,38,6,35,4,1,22,31,34,33,11,3,29,18,15,17,37#
10:12,28,17,26,35,27,30,18,3,21,9,5,8,20,33,24,25,29#
11:29,32,23,7,27,39,2,33,14,0,10,25,3,15,30,20,13,8#
12:16,6,7,18,21,39,20,17,23,28,2,22,32,9,31,11,36,24,19,34,38,12,3,8,29,35,4#
13:29,12,25,21,26,3,1,6,19,37,7,13,8,10,2,16,11,0,4,20,23,15#
14:1,3,9,18,10,2,39,15,29,21,28,4,20,32,19,17,8,13,37,5,26,0,24,38,33,14,12,22#
15:21,27,11,22,10,24,14,23,8,29,2,34,15,6,30,38,32,31,36,35,39,13#
16:4,24,33,39,10,28,13,32,25,30,37,17,34,6,38,19,7,0,15,31,20,1,8,3#
17:20,6,21,12,16,31,17,18,19,29,9,28,30,33,4,15,8,2,34,39,23,37,36,26,27,0,25,32,38,11#
18:20,28,33,25,38,32,37,6,15,27,0,7,10,12,1,23,34,35,5,39,29,26#
19:35,24,18,21,31,10,28,2,6,3,34,0#
