0:54,31,2,8,38,33,25,57,34,19,58,52,28,11#
1:5,1,22,7,44,13,56#
2:31,20,48,9,51,15,53,29,18,19,50,30,33,13,2#
3:12,53,23,52,38,6,35,14,47,3,27,43,46,10,41#
4:40,8,41,6,53,9,39,31,28,37,29,1,34,54,46,16,50,44,43#
5:28,38,54,50,43,14,48,53,4,25,59,3,16,41,26,22,8,57#
6:38,4,44,3,45,50,5,53,52,8,24,16,23,17,12,0,27,9#
7:34,3,13,35,32,2,20,27,33,37,36,43,54,6,40,55,38,28,56,9#
8:30,25,33,12,26,37,22,59#
9:44,8,51,59,1,48,12,40,54,50,45,53,10,37,22,34,33,38,15#
10:29,27,0,32,58,50,13,11,39,10,2,19,35,49,40#
11:1,37,0,18,8,59,6,15,34,57#
12:33,41,57,5,2,21,58,31,44,35,30,40#
13:33,26,42,41,11,22,7,54,55,43,25,8,3,31,14#
14:33,43,9,58,22,53,8,28,16,29,1,25,20,10#
15:12,24,36,0,51,52,28,26,8#
16:57,10,43,2,41,54,44,17#
17:22,15,32,20,41,10,36,8,28,7,21,0,39,44#
18:52,0,45,56,16,53,35,31,37,15,7,43,1#
19:53,51,37,26,40,21,2,44,0,8,9,35,34,18,14,42,6,22,38#
20:53,13,59,9,24,26,18,20,58,46,30,41,49,23,1,57,5,34#
21:38,10,18,29,6,15,46,31,30,44,51,24,13,56,47,35,14,21,8,34#
22:35,19,25,31,13,37,55,11,36,59,3,4,9#
23:17,9,58,25,29,37,20,24,18,3,11#
24:48,14,0,41,46,5,53,18,43,49,45,59,1#
25:16,23,48,21,4,13,20,24#
26:57,55,37,47,0,31,10#
27:7,24,11,33,4,26,44,32,30,35#
28:51,9,24,7,58,18,26,3,45,20,54,43#
29:34,3,13,23,53,9,26,36,29,39,6,14,56,55,31#
30:9,40,25,16,2,11,17,13,8,57,53,37,54,34,59,1,47,21#
31:1,4,27,59,41,12,39,37,20,35,3,55,9,26,32,7,46,21,29#
32:48,13,28,17,49,19,27,9,36,35,26,30,24,56#
33:39,8,43,50,35,31,1,15,23,47,16,48,6,37,24,5#
34:41,8,42,32,10,20,47,4,26,30,35,25#
35:27,24,25,4,6,29,5,14,30,38,15,44,50,54,47#
36:55,58,10,37,51,29,0,24,34,16,15#
37:30,33,34,10,53,12,27,47,31,2,38,32,14,29#
38:46,58,56,23,16,41,39,17#
39:31,49,36,44,32,55,25,56,4,33,7,40,52,47,15,14#
