0:6,0,22,1,15,27,11,28#
1:7,21,25,19,3,18#
2:16,28,19,21,14,15#
3:26,4,12,7,13,3,18,21,10,1,27,22#
4:17,11,3,24,19,5,6#
5:19,12,3,0,11,26,23,7,27,14,1,4,17#
6:3,19,8,26,7,17,21,22,2,28,11,27#
7:7,0,28,26,17,2,22,12,3,8,9,15,5#
8:4,28,18,5,9,29,10#
9:17,4,23,22,25,7#
10:20,0,5,7,3,13,23,14,22,12,19,4,25#
11:3,0,10,20,17,29,13,27,21,9,23#
12:7,24,17,16,10,21,27,26#
13:27,21,25,4,29,7,19,18,6,9,23,11,0,24#
14:8,28,25,16,5,20,12,24#
15:8,23,25,15,14,2,26,12,21#
16:29,23,18,6,24,20,17#
17:20,4,16,25,14,1,6#
18:3,13,7,19,28,15#
19:0,16,17,28,8,18,12,9,25,2,7#
20:8,19,10,7,20,4,11,24,5,15,2,17,22,28#
21:29,12,25,13,26,16,23#
22:7,10,21,23,12,26,27,18,16,19#
23:10,21,13,1,20,19,26,12,8#
24:1,9,7,11,20,19,10,0,24,6,5,25,27,12#
25:16,22,28,26,15,19,13,27,18,11,6#
26:26,5,0,24,3,25,20,13,18,2#
27:2,0,22,13,5,1,21#
28:11,21,2,0,20,14,13,9,26,22,12,7,23#
29:17,12,14,11,5,20,29,21,0#
30:6,1,16,25,27,5,22,4#
31:12,20,11,27,13,28,19,15,4,14,29#
32:5,1,24,8,3,7,6,21,28,14#
33:10,1,15,21,0,2#
34:5,29,15,27,7,4#
35:15,17,22,21,11,16,9,26,4,12,3,2#
36:7,22,15,3,23,27,28,2,25#
37:29,16,19,11,15,10,7,3,22,0,12,5,2#
38:5,15,3,4,19,13,6,8,25,9,21,1,26#
39:20,9,24,5,27,11,6,19,21,12,25,13,18,7,10#
