0:16,19,25,2,0,10,20,4,3,12,7,17,22#
1:12,28,1,21,0,10,3,27,29,25#
2:6,9,23,24,13,16,25,12#
3:7,11,27,1,12,3,28,16,21,14,20,6,10#
4:18,2,8,11,21,3,17,10,7,14,13,27,23,9#
5:19,10,2,20,26,12,15,6,3#
6:28,22,4,2,20,24,27,15,11,29,16,6#
7:3,17,27,29,23,14,28,18,26,11#
8:2,6,0,16,22,23#
9:5,15,16,9,0,26,1,27,7,28,14,2#
10:12,0,5,1,13,14,18,7,22,11,16,8,28,4#
11:29,12,15,27,8,26,17,7,19,21#
12:22,2,19,16,20,5,8,12,14#
13:0,19,1,18,13,26,17,14,5,15,8,2#
14:10,20,18,19,17,3#
15:6,25,3,19,0,7,9#
16:2,6,13,17,4,28,24,29,18#
17:22,7,8,28,13,23,2,25#
18:21,3,15,6,7,1,2,11,24,12,23,10,0,25,22#
19:19,28,16,7,29,13,14,23,18,15,11,1,10,9#
20:24,15,23,25,17,16,9,1,12,6,8,7#
21:0,15,23,3,1,14,18,11,16,17,9,24#
22:19,29,22,4,5,3,6#
23:25,15,9,22,2,24,20,23,12,8#
24:15,8,5,19,16,18,28,7,21,0,22#
25:7,5,29,17,18,27,11,22#
26:5,9,6,28,14,18,4,25,17,26,1,3,13,23,8#
27:23,3,4,22,6,21,5#
28:15,9,0,25,18,7,16#
29:18,28,29,22,2,3,27#
30:17,27,22,13,10,25,14,21,1,20,12,23#
31:23,15,13,21,2,19,4#
32:20,10,3,26,23,5,29,15#
33:29,19,26,0,7,17,25,23,18,1,28,27,3,15#
34:12,11,23,22,17,19,7#
35:26,7,29,23,6,11,22,18#
36:10,2,28,3,21,12,1,19,8,15,22#
37:27,28,2,24,17,6,14,18#
38:16,20,28,9,29,26,23,6,2,14,5#
39:14,10,23,12,9,6,0,25,11,21#
