436.90    707.18
366.84    345.55
237.49    574.78
975.75    239.01
8.50    114.79
697.80    595.77
70.26    525.81
416.17    843.59
475.50    964.55
908.41    672.70
147.86    448.51
821.75    151.46
437.58    203.66
141.18    83.42
882.23    512.35
342.60    695.42
73.81    623.36
21.92    969.55
743.47    607.87
856.47    344.20
80.44    276.26
861.55    44.11
782.30    575.05
747.00    816.97
994.39    249.95
691.41    798.12
140.41    954.38
972.41    675.13
970.67    817.55
53.33    683.64
401.77    59.86
285.31    5.12
106.76    169.24
466.95    690.60
137.74    910.76
557.95    496.46
984.90    857.25
78.91    806.24
953.53    517.05
257.93    278.31
35.09    643.23
273.60    978.17
48.04    151.70
820.77    933.50
173.01    143.17
991.51    40.71
266.70    285.90
490.64    851.81
676.88    70.39
223.56    341.03
733.96    214.97
764.84    256.48
646.77    727.75
309.46    755.55
140.48    568.50
946.87    1.45
211.48    820.80
653.18    114.42
192.51    246.21
203.80    730.66
729.80    493.39
944.03    147.33
557.82    557.78
340.22    908.39
902.51    394.88
452.93    283.09
408.67    150.90
396.22    161.31
104.03    895.24
698.80    622.96
716.19    496.17
180.56    178.85
461.40    707.41
245.35    68.50
909.90    386.62
926.71    833.53
694.68    913.32
948.83    918.48
705.88    499.59
89.29    392.68
345.62    750.76
652.94    485.75
657.03    409.55
553.11    631.68
981.82    717.63
971.19    641.93
477.97    703.91
741.78    382.96
67.02    448.66
709.24    768.00
688.72    589.17
892.31    439.60
507.42    210.40
142.08    643.70
31.91    113.56
723.11    339.66
225.24    99.74
920.90    629.84
241.09    448.64
324.21    650.62
266.68    448.88
307.26    122.04
302.17    433.06
313.44    562.93
598.58    136.19
164.23    781.45
600.38    706.83
702.09    780.87
104.39    704.07
414.51    340.95
763.53    613.13
826.32    287.59
423.89    814.11
204.91    681.22
284.48    461.54
247.80    239.71
727.81    460.59
483.13    251.80
247.58    903.66
372.42    948.61
699.75    621.25
677.37    546.57
194.14    248.12
50.02    335.20
334.73    304.17
842.65    94.81
523.51    277.14
83.82    706.35
142.85    19.84
846.84    312.06
149.02    665.20
251.52    141.58
538.60    484.43
679.53    362.37
953.31    991.98
500.30    86.76
65.68    78.81
944.86    120.88
971.22    540.84
23.84    119.62
765.91    164.32
951.39    699.10
491.92    628.82
382.56    680.54
385.56    910.81
856.85    185.02
552.98    643.46
143.78    917.99
280.05    234.38
64.61    487.19
183.37    464.06
176.11    158.52
574.34    951.67
587.73    94.89
229.52    205.17
649.52    463.79
973.93    525.31
329.85    335.59
748.30    251.13
852.34    187.55
509.69    918.56
600.92    563.24
318.52    759.20
707.57    481.67
791.81    233.53
745.99    33.95
393.05    997.93
333.49    297.62
586.16    919.03
576.17    411.69
7.37    678.75
155.20    129.18
568.00    188.02
659.21    997.05
416.54    511.61
743.16    173.74
747.82    759.56
868.49    316.96
32.17    496.53
102.03    580.80
411.79    639.31
781.40    769.73
589.67    849.85
512.01    346.36
658.70    340.54
943.99    261.57
350.33    242.70
658.03    841.99
456.34    367.99
782.23    832.90
672.79    7.81
964.24    836.41
112.69    681.07
29.42    511.95
874.30    928.93
155.89    30.87
925.15    877.74
805.00    581.30
235.54    674.91
186.03    104.74
536.57    301.51
101.74    664.77
104.66    883.89
381.13    738.32
46.15    305.34
754.25    568.91
138.36    962.75
803.38    713.13
315.63    548.16
20.95    445.15
855.09    900.32
746.38    191.31
157.96    218.18
626.31    77.01
581.33    420.48
312.14    179.36
603.34    152.75
647.09    255.75
586.87    500.28
942.06    581.57
905.83    997.63
17.90    251.57
995.69    158.75
903.96    169.81
790.53    16.68
360.10    245.40
463.34    316.23
236.53    388.51
343.28    413.21
697.29    67.77
480.90    59.64
89.31    898.45
163.88    473.70
116.26    522.91
392.63    317.37
553.27    402.50
450.54    683.44
597.88    772.73
186.36    774.60
785.68    66.93
950.27    585.56
850.68    225.88
975.76    211.94
356.09    365.55
840.93    682.10
329.07    45.13
366.33    122.87
199.37    605.89
581.93    646.57
183.08    366.05
652.89    315.56
558.42    987.42
463.63    564.93
262.10    64.38
226.03    152.42
972.11    665.35
69.38    958.63
42.61    998.06
106.25    233.56
696.05    173.41
888.20    682.48
34.99    122.40
981.69    991.56
598.19    567.27
680.09    720.99
369.77    785.50
619.58    31.79
881.15    340.85
880.46    133.39
603.41    585.60
470.59    582.24
181.94    281.84
251.58    139.86
110.38    607.42
335.76    585.32
238.75    896.33
272.46    234.51
562.19    216.51
127.95    804.68
415.08    66.64
242.85    937.10
261.53    336.70
134.64    69.78
129.20    155.02
295.80    961.14
285.68    533.22
552.33    807.14
604.78    776.20
370.97    782.17
661.03    286.95
7.56    284.15
634.36    629.74
72.30    988.53
874.00    990.10
383.07    937.66
221.56    262.84
597.87    613.09
173.05    635.81
739.49    29.46
841.00    68.05
560.79    830.27
631.26    222.29
855.98    599.83
46.89    314.69
134.62    466.92
463.60    723.02
345.64    342.31
530.82    340.61
769.43    106.55
307.52    556.49
887.90    966.38
883.29    719.18
410.53    536.49
988.63    290.57
335.13    311.30
62.47    560.76
688.08    29.50
133.06    858.75
816.84    595.10
362.17    321.25
580.60    423.77
612.36    376.37
52.39    925.85
991.55    130.45
7.38    62.87
917.16    911.85
976.23    86.31
842.01    891.85
635.58    113.84
324.35    324.47
591.69    980.75
918.98    516.58
524.73    152.08
351.96    197.47
359.05    356.89
260.94    958.21
99.96    319.76
811.85    667.78
202.90    241.70
833.32    670.89
258.27    948.08
104.33    849.23
275.35    991.02
86.73    695.01
490.18    744.51
953.09    567.17
915.32    423.01
161.46    638.07
686.16    807.15
346.51    718.34
322.49    694.59
416.70    441.00
278.63    873.68
247.14    369.93
44.53    796.00
913.20    919.32
172.57    891.35
410.45    146.02
902.01    536.39
601.76    240.66
508.88    405.14
342.44    923.77
310.73    300.07
351.97    352.59
4.67    982.35
383.14    186.29
622.16    675.67
414.70    525.33
877.18    792.14
579.23    329.88
584.86    124.34
253.43    152.25
333.51    295.88
726.01    391.31
195.96    937.99
53.43    644.00
575.55    493.48
911.70    578.47
950.11    312.32
162.79    310.53
39.47    930.49
397.65    928.46
686.73    642.48
846.32    936.15
858.94    345.87
309.79    506.60
609.50    838.03
638.69    63.68
442.55    978.62
720.52    540.02
825.41    189.79
27.70    732.84
737.58    531.67
173.35    976.93
305.95    12.12
147.99    50.14
184.99    144.19
254.76    400.86
819.73    861.72
784.94    84.84
138.75    136.58
334.30    593.91
242.05    706.47
416.12    752.08
782.79    240.38
824.71    177.59
376.55    881.75
486.20    487.76
651.92    334.83
741.31    247.95
415.23    66.66
390.52    548.09
141.60    812.40
869.11    132.52
20.91    853.73
452.00    207.02
479.29    122.95
105.80    442.30
255.35    633.70
315.46    900.07
549.37    982.15
608.58    488.43
189.87    54.62
830.64    686.69
387.26    940.67
966.18    36.99
44.55    68.68
259.42    579.95
491.75    457.93
433.26    872.66
973.34    845.22
843.24    766.60
564.51    214.19
718.54    597.86
803.24    259.72
89.64    157.80
409.74    554.04
912.49    980.84
609.93    864.89
378.46    299.74
558.20    968.00
581.03    619.52
831.21    386.81
993.53    878.25
106.01    508.35
306.66    710.14
327.12    727.03
400.93    743.89
356.79    519.44
104.48    10.21
165.12    922.83
440.17    966.11
205.36    529.80
467.13    435.80
529.91    250.28
751.98    931.12
131.69    664.28
941.40    256.52
877.32    646.97
973.52    558.41
427.60    880.60
474.43    552.09
865.02    543.64
748.70    32.01
294.20    469.30
298.71    786.95
276.91    708.13
6.70    506.01
973.81    833.86
143.09    704.23
470.03    958.07
386.08    653.44
541.70    712.89
123.89    875.04
452.99    52.88
610.40    13.01
633.21    481.68
619.36    803.08
110.58    758.10
470.50    924.48
122.18    648.87
568.87    720.61
859.80    516.93
719.51    551.45
19.98    640.57
274.15    874.18
965.00    911.75
898.43    904.18
438.63    194.22
144.78    79.02
862.90    180.70
120.28    495.53
972.35    397.37
141.31    105.34
269.28    260.83
20.94    300.18
236.02    240.57
86.36    628.90
884.88    345.98
952.07    288.04
