0:33,10,30,22,35,8,43,25,6,47,38,34,7,48,0,57#
1:3,11,50,48,37,16,27#
2:4,22,35,59,55,37,56,17,51,18,33,50#
3:43,38,39,50,18,16,1,11,9,3,4,35,48,42,37,53#
4:38,9,53,40,5,37,14,41,32,19,56,44,24#
5:16,3,1,57,42,41,6,44,18,17,24,52,56,5,28#
6:31,33,55,2,57,10,39,45,19,27,24,11,29,42,54,17#
7:52,34,48,7,21,14,30,36,0,44,16,4,45,33,28#
8:3,36,52,49,29,43,5,22#
9:46,47,21,1,59,56,53,12,28,13,18,38,54,48,31,24,36#
10:56,25,52,4,49,38,3,42,48,39,26,51,7,50,35,2,45#
11:43,42,21,30,16,58,11,47,35,29#
12:33,55,0,25,15,57,30,52#
13:36,6,35,12,41,58,38,8,18,52,24,40#
14:47,10,22,18,2,54,48,28#
15:7,22,9,40,42,18,58,24,26,49#
16:17,59,36,2,20,12,57,52,47,46,16,55,11,41#
17:46,59,17,38,12,14,4,55,9,35,34,33,41,6,52,39,8,26,10,13#
18:55,31,0,43,40,17,41,30,45,59,58#
19:58,18,30,0,8,34,39,6#
20:41,23,8,43,42,19,16,47,22,58,45#
21:42,30,49,45,33,55,19,10,39,40,3,25,5,4,50,52,2,1,27#
22:42,22,1,57,27,8,9,15,36,49,10,30,26,54,52,55,59#
23:21,11,34,35,39,30,47,46,20,17,4,36,44,25#
24:0,59,49,35,53,1,47,57,2,23,15,38,51#
25:50,16,47,13,32,20,4#
26:16,42,18,10,54,46,35,30,51,31,38,57,14,17,43,11,4#
27:34,17,33,47,38,36,39#
28:49,56,48,14,21,36,13,15,17,43,52,4,10,38,31,42,25,22,54,35#
29:30,59,38,45,36,6,3,21,42,35,55,17,10,14,25,32,39,13,31,11#
30:21,30,15,33,42,5,34,9,27,59#
31:41,11,33,14,48,44,53,18,54,28,56#
32:24,59,49,56,47,29,7,32,27,28,48,58,40,16,30#
33:58,1,36,45,22,40,28,13,4,25#
34:30,37,28,13,27,4,26,22,58,10,11,8,32,56,2,40,14,44,18#
35:12,18,54,11,46,30,21,33,47,9,37,38,55,58,35,22,3,48,19#
36:13,12,32,3,25,28,7,35,26,40,29,20,43,16,51,39,48,15#
37:35,12,33,1,43,31,48,39,28,9,2#
38:51,32,17,47,45,56,21,7,41,18,46,36,39,30#
39:32,13,55,37,38,22,40,6,45,56,7,21,50,10#
