0:37,38,16,36,23,3,2,8,25,13,1,21#
1:0,17,12,9,1,33#
2:32,13,28,24,10,36,3,5,23,39,19#
3:6,17,30,33,20,15,13,5,28,37,27,39,14,24#
4:2,3,12,0,20,9,22,10,39,18,29,13,1,28#
5:15,33,1,26,12,30,10,21,23#
6:15,16,6,3,25,27,20,30,10,26,29,17#
7:31,12,0,15,28,9,29,13,19,38,32#
8:20,8,23,13,26,19,31#
9:18,38,23,21,25,30,14,24,9#
10:25,6,32,36,26,30,38,15,39,14,24,29,13,17,3#
11:29,24,14,6,25,4#
12:28,35,2,24,8,3,7,29,5,19,15,1#
13:6,35,11,4,23,9,5,12,17,20,2,22,36,25,30#
14:16,32,35,17,26,19,34,33#
15:4,12,31,21,1,26,27,3,38,8#
16:5,19,20,32,8,28,16,4,15,26,6,1,2,38,17#
17:8,0,16,19,13,23,2,38,35#
18:17,33,36,35,24,22#
19:31,34,33,35,12,23,36,30,7#
20:1,31,10,0,28,24,14,35,29,25,34#
21:29,20,36,24,5,12,27,25,34,39,18,13,37,7#
22:21,7,15,27,6,30,22,29,5,2,38#
23:4,26,8,34,11,14,33,7,37,5,30,28,36#
24:21,17,24,12,1,38,19,6,4,8,10,20,14,11,0#
25:11,38,31,39,9,35,7,3,32,10,17,4#
26:29,7,35,19,28,39,21,36,31,13#
27:26,5,25,11,17,16,2,18,30,22,32,10,24#
28:1,20,16,4,39,30#
29:29,23,38,1,13,4,10,22,35,27,20,26,16,32#
