0:7,3,1,19,12,5,9#
1:1,23,12,8,9,10,20#
2:15,11,21,3,1,18,7,24,17#
3:2,7,23,21,24,19,3,17,0#
4:21,15,7,19,8#
5:6,7,17,5,4,12,11,9,13#
6:6,17,2,7,11,13#
7:4,17,10,6#
8:13,11,17,10#
9:5,22,0,11,14,20,4#
10:3,2,0,6,8,4,17#
11:10,16,20,8,3,15,6,9,21,14#
12:11,16,15,6,13,20,23,19#
13:13,15,20,6,10,17,23,1,3#
14:17,5,12,6,9,15,2,8,7,4#
15:2,12,24,19,23,10,21,3#
16:1,18,20,21,16,23#
17:21,16,13,14,3#
18:19,3,20,18,11,2#
19:19,15,14,9,16,23#
20:17,11,3,10,18,19,5,4,23,15#
21:5,6,15,19,23,4,0,10,12,22#
22:0,11,22,5,6#
23:15,22,18,2,14,5,21,17,10,20#
24:17,2,19,11#
25:22,21,9,0,23,14,1#
26:10,18,5,17,7,19,15,9#
27:15,11,17,19,18,1#
28:19,21,22,2,12,5,20,1,6,17#
29:5,2,9,14,1,8,23,7,3#
