0:17,12,6,35,3,21,31,2,20,36,37,38,24,15,9,29,22,25,16#
1:22,16,15,21,23,38,6,12,26,8,11,27,28#
2:21,30,15,31,26,23,28,29,24,5,19,10,33,13,37,2,39,34,20,3,14,9#
3:9,18,15,33,23,36,13,5,8,20,25,11,4#
4:2,0,24,36,4,11,19,35,25,6,17,8,10,9,3,22,37,18,28#
5:34,27,7,36,12,15,35,38,25,30,8,3,32,33,37,6,9,19,5#
6:29,11,37,17,18,22,9,7,34,12,27,10,30,28#
7:27,21,3,1,19,26,32,22,33,5,23,13,15,34,38,6,11#
8:12,8,20,38,24,0,27,3,14,21,17,15,37,30,9,23,19,39,16,5,31,28,2,7,34,25,18,29,32#
9:39,13,27,22,15,0,19,28,31,35,25,32#
10:29,13,9,6,38,10,1,33,37,7,25,18,21,27,22,8,12,14,17,19,23,31,4,24,26,5,39,32#
11:11,8,21,3,2,6,7,12,22,27,24,1,23,18,28,4,29,32,17,35,34,39,33,13,14,31,16,26,10#
12:14,38,18,8,34,37,1,6,2,39,7,5,22,19,28,3,24#
13:23,6,31,22,20,38,39,27,14,11,4,25,19,21,5,8,28,3,1,29,9,26#
14:26,28,22,35,7,14,33,32,13,6,19,2,3,34,11,15,18,9,36,23#
15:13,16,29,6,19,31,0,7,5,15,14,23,34,2,27,35,8,38,39,36,26,1,10,30,32,20,37,3,4,12#
16:26,3,22,20,30,13,33,25,27,29,19,10,24,11,35,1,14,7#
17:10,31,30,28,6,29,23,18,15,1,22,36,35,12,27,9,2,7,33,39,21,24,19,14,25,13,8#
18:15,26,8,36,24,12,28,34,33,31,10,27,2,5,21,38,13,22,18#
19:2,26,29,25,3,27,37,10,8,23,14,16,11,33,18,24,1,38,12,6,4,7,30,20,19,9#
