0:22,16,0,4,23,3,1,17,24,27,8,6,29,11,7#
1:11,25,22,3,10,15,23,9,6,14,16,24,2,13,7,27,1,21,18,4,0,19#
2:4,0,10,2,18,7,8,9,27,17,15,22,14,1,12,19,11,5,3#
3:18,10,20,0,25,21,17,4,14,26,27,1#
4:17,26,25,24,12,29,9,11,10,4#
5:27,16,11,5,6,17,24,13,25,19,1,28,29,9,2#
6:28,13,25,3,18,24,17,15,0,4,8,2#
7:2,28,26,19,21,10,5,12,24,25,11,20,6,7,17,18,22,16,14,15#
8:4,19,22,7,25,23,29,18,8,14,5,24#
9:16,14,0,2,25,28,19,4,13,12,3,21,24,29,22,26,10,11,23,7,8,5,27#
10:9,1,15,4,27,7,18,19,21,14,2,12,3#
11:9,26,5,4,24,10,29,20,22,7,19,3,15,2,27,12,0,14,8,1#
12:15,10,20,26,14,27,3,12,2,24,23,25,6,16,7,13,17,4,22,19,28#
13:9,25,11,29,12,16,28,19,21,26,17,27,22,15,4#
14:26,2,6,8,9,15,17,13,19,27,20#
15:5,20,26,6,0,22,2,3,9,7,10,15,21,25,14,12,13,27,17,11,18,28,24,19#
16:6,25,11,9,29,19,18,24,7,3,21,1#
17:22,26,25,21,13,14,24,29,3,2,9,5,1,27,15,18,10,11,12#
18:27,16,28,6,11,4,21,17,3,2,24,15,1,12,22,25#
19:9,3,7,18,24,26,19,1,25#
