0:16,5,31,10,21,25,29,33,14,19,32#
1:21,28,18,2,0,22,24,17,31#
2:10,28,9,21,3,19,34,14,4,11,6,2#
3:23,28,10,16,0,14,1,26,22,25,34,20,12,27,32,7,6,30,4,8,5,33#
4:13,26,10,16,5,9,8,35,31,6,14,34,20,24#
5:10,1,25,11,23,12,29,4,21,24,18,35,34,14,22,2,3,7,32#
6:7,16,31,29,34,14,26,8,24,30,25,13,11,0,32,3,1,4#
7:22,13,34,6,7,28,15,30,10,27,35,8,26,25,11,19,33,17,2,9,14,32#
8:25,15,9,13,8,26,0,14,10#
9:5,10,15,14,22,11,28,4,20#
10:12,3,35,28,26,6,13,2,19,14,9,31,22,34,23#
11:20,26,34,1,32,23,30,14,15,3,6,12,9,4,21,13,29,22,11,7,31#
12:0,8,6,22,15,30,28,23,12,33,14,2#
13:23,30,10,20,6,19,34,26,3,24,2#
14:33,19,11,34,13,16,18,14,27,23,31,17,10,1,32,35,12#
15:11,29,6,3,13,12,7,23,28,4,18#
16:30,14,24,2,5,7,35,19,4,17,0,15,29,22,27,1,9,6#
17:6,11,35,14,33,27,3,30,10#
18:6,16,7,8,9,13,25,19,29,0#
19:1,31,8,30,26,2,16,18,29,14,7,11#
