0:14,6,2,10,4,19,1,13,7,0,16,15,21,24,5,11,25#
1:3,20,7,11,26,28,23,17,14,22#
2:16,12,4,1,3,23,17,2,21,13,10,8,26,6,27,11,15,19,28,25,18,5,0#
3:17,25,19,8,10,11,7,0,20,24,23,9,27,5,4,29,12,6,15,2,21#
4:14,6,2,3,18,16,20,24,17,27#
5:6,14,24,3,0,10,11,28,25,16#
6:22,11,5,27,20,24,14,10,0,6,26,25,9,7,3,1,29,4,23,15,17,12,18,19#
7:19,1,4,23,18,14,6,22,26,24,2,16,11,7,15,12,17,25,29#
8:25,13,3,4,16,7,6,27,5,24#
9:23,17,12,22,28,1,14,20,9,15,2,19,11,29,18,27,0,24,21,13,8,4#
10:22,20,12,6,0,10,26,3,15,2,11,29,1,13,17#
11:9,25,12,2,24,22,18,27,21,8,16,29,17,0,7,6,10,13,19,3#
12:2,22,26,10,24,20,28,7,0,16,21,15,23,9,13,14,27,12#
13:28,19,9,20,7,14,10,26,5#
14:16,12,14,27,4,2,0,24,26,19#
15:7,9,29,14,2,1,3,24,16,10,13,4,27,22,11,6,20,26,23,0,15,21,19,28#
16:12,21,20,7,26,28,13,14,3,15,2,8,17,25,16,23,6,9,27,11,0,1#
17:16,12,9,10,11,8,20,14,0,1,25,17,18,27,4,15,5,23,7,2,21,6,13#
18:8,29,27,22,25,4,5,11,1,12,21,0,28,10#
19:9,22,2,14,15,12,1,20,11,29,21,8,5,0,4,23,25,10,26,3#
