0:11,17,6,2,19,22,18,26,24,4,20,3,5,29,28,21,25,9#
1:11,2,19,9,20,8,15,23,7,29,5,3,26,10,0,22#
2:1,12,20,2,18,3,11,27,28,6,25,13,26,4,15,8,23,17,14,19,29,21#
3:2,7,28,5,23,12,29,21,25,3,0,8,20,15,16,27,9,24,26#
4:3,20,27,12,17,22,25,29,7,2,13,16,23,26,0,19,5#
5:18,2,7,23,26,6,19,10,0,11#
6:8,18,5,21,27,16,28,15,13,0,26,7,14,4#
7:20,26,28,29,0,16,3,13,2,10,9,7,4,5,17,25#
8:14,21,9,8,20,22,26,3,24,23,13,7,0,19,28,17,16,5,6,29,11,15,12,18#
9:0,8,11,16,3,21,15,14,27,6#
10:17,29,6,4,19,0,5,15,24,27,11#
11:25,21,8,19,17,6,15,2,18,24#
12:14,21,12,22,18,9,7,29,16,5,24,15,3,2,0,4,17,25,20#
13:6,10,29,2,19,16,1,17,13,22,26,28,12,14,11,3,9,24#
14:1,29,2,6,28,4,5,27,16,0,22#
15:9,6,17,25,1,7,11,23,5,19,16,4,29,20,8,28,12,22,14,0#
16:10,25,13,24,2,3,22,6,4#
17:24,10,26,0,13,28,8,19,2,4,15#
18:6,18,1,23,11,0,9,29,22,5,27,15#
19:24,16,15,4,7,21,0,18,22,9,28,26,10,27,13,17,1,29,19#
