0:4,33,23,0,13,16,5,26,12,22,21,15,35,27,17,32,28,10#
1:23,27,19,35,20,32,3,17,30#
2:7,11,2,0,6,23,13,16,19#
3:33,0,3,24,28,25,34,17,10,1,32,29#
4:31,22,21,26,13,0,17,11,20,12,5,24,34,25,4,29,8,30,2,10#
5:32,27,0,6,30,8,13,31,18#
6:30,6,0,34,21,23,33,25,1,19,29,22,8,13,12,20,10,2#
7:7,14,19,34,26,0,16,8,21,23,20,3,4,30#
8:11,12,30,21,3,33,35,9,27,32,24,19,17,6,5,34,15,7,26,28,20,0,13,22#
9:11,29,1,23,32,18,7,21,25,9,8,15,16,22,10,2,14,35,27,19#
10:0,16,32,12,28,22,35,6,23,31#
11:4,28,32,8,33,6,24,25,12,5,29,18,3,13,15,30,0#
12:22,6,34,1,23,28,3,25,4,15,21,26,17#
13:24,8,26,10,19,3,29,25,7,22,23,31,0,13,16,21#
14:13,17,24,10,25,35,27,20,7,2,15,0,33,12#
15:1,23,29,21,0,31,28,4,35,12,24,20,32,8,2,13,26,25,11#
16:19,17,14,1,22,13,4,24,11,33,5,0,20#
17:5,17,20,12,29,22,10,7,0,11,2#
18:33,12,2,20,13,22,6,26,18,23,35,30,24,4,11,28,16,0#
19:26,12,25,11,2,17,15,14,4,31,5,6,27,29#
