0:3,0,36,6,32,15,20,4,8,16,19,28,18,30,5,38,10,39,23,33,31#
1:18,15,1,9,16,35,17,26,2,28,30#
2:35,12,25,3,4,39,34,29,30,13,28,16,5,32,15,0,6,31,23#
3:26,14,33,19,11,34,27,28,7,25,16,1,2,21,24,39,0#
4:26,0,3,9,28,7,30,29,27,25,33,31,34,17,2,6,37,1,22,18,21,16,12,23,32,19,24#
5:35,31,19,38,25,14,30,16,23,32,26,18,12#
6:34,36,13,38,7,32,26,16,2,11,17,14,8,18,28,5,22,30,15,1,37,21,23#
7:23,11,12,38,31,10,33,14,29,37,20,4,32,30#
8:15,16,11,3,39,26,17,31,20,22,8,27,38,29,1,6,21,37,5,36,25,19,0#
9:1,31,22,14,33,19,24,8,25,23,0,18,26,36,37,16,5,11,27,17,39,30,12,3,20,15,7,2#
10:8,3,18,9,1,20,31,4,11,2,21,39,13,12#
11:19,21,5,36,35,22,0,18,32,38,27,1,16,28,17,37,20,7,25,30,15,10,33,39#
12:6,26,2,39,33,3,28,30,19,8,0,23,20,9,4,5,11,17,25,13,36,1#
13:34,19,24,11,4,0,37,39,21,27,16,13,3,6,2,36,23,17,18,38#
14:13,14,16,12,29,21,15,4,3,11,0,30,5,18,6,34,37,19,26,7,36,9,2,35,28,8,17#
15:14,36,31,17,19,23,7,16,6,32,34,35,22,9,30,25,4,13,37,38,0,1,18,29,21,12,8,33#
16:9,1,24,28,17,22,19,6,20,35,29,2,25,18,0,33,12,3,7,26,38,14,8,30,36,15,34#
17:21,16,22,37,7,28,24,20,18,4,12,14,19#
18:11,26,22,8,9,32,15,21,27,4,1,20,12,29#
19:36,2,7,15,11,17,26,28,33,37,13,0,9,12,16#
