0:30,12,35,37,38,26,13,28,19,21,8,31,24,33,16,1,7,4,15#
1:16,15,29,5,17,38,13,19,28,12,22#
2:8,17,27,28,34,18,30,32,25#
3:6,27,13,19,32,18,16,5,29,21,28,12,15,26,1,2,11,3,24,0,9,8,34#
4:1,31,15,22,11,38,20,10,26,3,30,12#
5:38,28,17,18,26,32,6,5,3,20,19,34,31,8,35,29#
6:32,33,37,38,2,6,10,23,21,17,7,1,24#
7:7,19,34,21,29,12,33,35,8,16,14#
8:8,35,18,23,17,3,7,31,33,25#
9:22,24,5,19,30,37,38,11,1,27,18,6,3,4,23,32,34,2,16,36,15,0,7,9,8#
10:17,38,21,10,36,31,0,15,18#
11:10,33,23,3,38,1,20,15,19,21,31,5,37,9,13#
12:18,27,21,38,36,33,31,23,14,13,30,16,28,4,34,11,35,6,2,39,19,24,29,5#
13:30,35,36,15,37,0,26,9,4,11,29,23,12,39,31,25,38#
14:34,38,5,32,26,36,9,7,14,8,16,15,21,20#
15:23,26,10,30,27,15,28,7,18,17,16,20#
16:11,27,22,34,37,6,12,35,1,19,2,10,29#
17:15,6,23,21,5,35,27,25,9,18,38,30#
18:39,27,0,26,10,33,17,6,31,20,34,1,29,32,8,30,11,23,4,13,37#
19:12,32,18,37,0,31,9,20,39,21,25,3,27,10,28,4#
20:7,24,11,5,20,13,26,16,34,37,27,19,31,17,25,10,15,32,22,9,14,29,18,39#
21:24,16,18,6,3,38,19,2,15,20,14,25,5,28,23,34,0,37,11,17#
22:7,23,6,12,15,29,24,37,34,20,35,18,22,38,25,4,13,14,3,10,26,19,33,39#
23:8,27,26,29,10,28,11,13,7,24,14,31,30,33,23,2,5,39,0#
24:20,34,19,27,26,36,0,7,31,29,4,35,16,23,33,12,38,18#
25:36,31,38,37,2,15,27,24,9,8,25,4,5,20,22,39,14,13,35,19,33,1,10,11#
26:30,24,4,2,1,35,3,28,22,0,20,17,19,15,13,14,37#
27:16,12,25,14,5,30,29,15,24,20,37,3,7,2,9,17,13,1,33,10,4,34#
28:14,22,39,18,26,34,19,25,37,33,20,21,17,4,7,1,24,36,8#
29:19,13,6,38,8,3,28,25,32,12,22,30,14,7,26,39,31,20#
30:2,24,25,7,14,38,31,9,18#
31:3,16,2,33,6,32,18,9,39,35,12#
32:20,38,36,39,35,6,9,29,23,7,12,31,19,4,14,21,24,16,26,27,1,11#
33:15,3,22,16,35,26,12,13,31,19,11,18,24,17,38,23,14,36#
34:18,24,19,25,4,17,23,32,2,8,29,28,31,5,35,15#
35:1,39,26,16,37,28,20,15,11,10,34,36,27,0#
36:14,16,11,36,13,39,18,21,15,34,5,4,10,30,33,29,26,28,23,6,12,22,35,32#
37:23,32,10,21,33,4,34,5,20,39,30,8,14,27#
38:27,29,19,32,11,0,20,26,35,18,17,12,1,9,7,15,37,6,5#
39:18,38,29,28,36,32,22,14,27,13,33,2,8,16,23,37#
40:20,36,35,39,19,7,14,32,9,22,18,31,10,29,30,37,28,17,27,8#
41:34,24,33,3,22,12,7,28,21,4,9,11,35,10,19,8,20,37,16,0,38#
42:1,28,21,15,17,22,39,2,8,19,13,24#
43:19,32,21,20,25,1,29,38,39,14,28,23,9,34,30#
44:18,36,16,10,26,22,19,17,12,38,11,34,29,30,6,25,28,9,0,32#
45:32,24,23,8,35,20,37,17,33,16,27,9,19,10,4,34,29,13,39,5,3,22#
46:4,10,30,19,35,34,9,15,2,16,5,28#
47:2,34,10,35,29,19,37,39,7,30,32,26#
48:25,4,29,19,32,34,37,28,6,8,38,20,21,13,31,15,24,1,2,16,26,18,27,23#
49:12,17,27,5,37,25,9,6,24,30,3,11,19,34,0,4#
