0:58,30,18,32,29,16,51,20,50,23,8,26,6,44,28,43,3,38#
1:35,55,34,18,41,42,46,53,48,54,57,23,11,4,13,51#
2:25,4,42,31,44,23,10,13,17#
3:8,14,38,32,42,24,30,55,0,2,58,3#
4:0,22,51,7,50,10,25,39,23,44,32,48,17,20#
5:16,32,40,45,11,35,23,26,54,10,0,18,17,49,46,59,50#
6:33,17,52,46,24,27,1,6,59#
7:35,48,18,27,46,42,6#
8:12,39,40,58,31,10,49,37,24,20,45,11,51,23,8,26,47,52,50,32#
9:1,51,57,5,20,9,49#
10:31,23,13,2,1,14,55,7,46#
11:31,18,3,54,27,28,35,50,51,39,45,26,40,53,46,43,36,9,55,14#
12:48,43,31,23,34,5,7,42,40,19,32,2,49,41#
13:57,0,24,46,20,19,39,14,15,34,7,17,22,1,2,43,54#
14:50,8,19,27,12,55,44,46,25,58,6,9,10#
15:53,0,10,35,32,7,15,44,14,20,29#
16:31,56,36,13,34,17,55,29,4,18,50#
17:3,6,56,22,31,18,8,53,43,5,15,54,7,47,14,20,16,13,23,40#
18:6,42,53,26,16,54,51#
19:56,11,3,41,45,8,32,33,30,53#
20:28,25,15,51,32,39,53,13,47,0,35,2,46,10,40#
21:22,16,50,11,57,26,27,0,8,23,21,9,38,56,32,46,5,42,59,54#
22:16,25,45,38,39,57,53,10,14,6,4,5,52,18,42,55,27,19#
23:47,42,18,11,57,39,13,32,10,54,16,5,30#
24:18,11,48,33,52,16,35,44,31,28,6#
25:45,54,25,53,7,35,23#
26:18,17,5,58,20,34,40,28,2,46,52,3,42,43,29,41,55#
27:54,6,17,55,44,56,12,15,43,1,49#
28:35,28,59,55,0,30,32,2,51,58,40,49,12,14,26#
29:38,55,37,39,47,9,41,0,35,5,50#
30:29,59,43,7,4,41,27,10,1,57#
31:57,18,15,38,20,21,22,36,47#
32:2,14,23,22,45,48,18,58,19,37,32,1,59,57,21,36,51,13#
33:8,29,48,5,35,53,15,41#
34:59,1,6,9,44,42,26,55,47,37,3,40,56,50,32,24,5,12,2,8#
35:5,42,14,49,45,55,20,27,43,2,44,59,56,51,0#
36:42,29,49,3,24,37,0,58,15,18,23,52,41,44,7,22#
37:3,29,41,8,46,37,1,39,19,4,36#
38:39,50,35,10,14,32,21,31,49,38,4,33#
39:8,32,2,12,9,0,40,55,56,53,15,4,1,45,24,22,50,11,29#
