0:10,3,29,4,26,31,24,15,14,37,20,13,33,34,7,19,11#
1:21,4,3,17,34,13,27,7,14,16,38,33,18,32,28,29,5,12,19,0,10#
2:29,21,4,34,0,39,8,1,17,31,18#
3:37,14,30,17,0,16,33,28,29,5,15,8,18,39#
4:11,22,6,3,36,13,0,18,35,23,31,28,21,38,32,26,34,5,17,39,37,29,12#
5:5,36,32,31,0,38,14,4,33,27,23,11,37,24,19,35,22,20,9,13#
6:19,0,25,17,9,3,5,2,39,23,10,11,13,12,32,28,29#
7:18,11,27,29,32,24,34,6,3,21,16,7,20,36,0,10,19,37,17,12,2#
8:30,36,11,13,18,17,27,33,32,3#
9:0,18,2,29,30,7,13,3,21,25,1,14,22,34,4,33#
10:4,3,34,33,22,13,28,19,0,1,24,20,37,8,12,10,14,25,6,31,27#
11:4,30,22,17,24,16,13,25,6,27,2,0,32,34,23,11,33,18,3#
12:17,24,9,38,18,22,8,10,6,20,5,16,31,7,14,26,19#
13:25,32,7,1,9,31,24,18,28,33,22,5#
14:35,8,16,15,5,17,22,33,19,38,21,29,28,14,11,31,3,1,23#
15:2,38,26,18,8,30,10,23,9,1,33,0,34#
16:28,17,13,31,10,11,25,8,3,35#
17:15,0,13,34,24,26,2,8,7,4,23,25,9,6#
18:17,13,23,8,9,33,16,35,18,12,2,19,0,37,38,32,5,22,4,3,36,25#
19:18,3,31,25,22,24,33,7,14,26,28,0,5,21,29,4,13,36,35,32#
20:21,17,13,16,0,30,7,33,2,39,20,12,15,14,31,28#
21:9,17,35,11,24,0,3,32,1,33,26,8,16,7,14,25,15#
22:29,7,35,15,34,13,27,16,25,28,32,6,31#
23:11,33,16,19,14,12,37,31,6,2,25,10,3,1,32,9,8,15,21,34#
24:15,35,2,11,34,14,7,28,31,12#
25:36,15,29,31,26,28,9,21,23,22,18,3#
26:21,16,13,28,14,23,3,10,7,1,19,20,5#
27:1,35,36,12,9,14,25,33,8,16,20,29,31,0#
28:18,24,14,11,32,2,0,7,23,37,30,3,21,10,25,17,20,31,28,6,19,9,12#
29:31,10,8,19,33,3,6,34,20,4,0,14,29#
30:6,32,26,18,21,37,12,23,11,34,31,10,28,0#
31:27,25,9,17,39,30,29,21,20,31,32,2,38,7,33,13,10,6,11,23#
32:14,24,34,27,21,1,17,26,19,8,12,0,29,15,6,3,5,37#
33:29,17,37,2,33,32,14,21,39,0,9,23,4,13,11#
34:8,17,2,18,10,12,13,38,4,23#
35:10,34,15,0,5,7,26,6,32,25,11,36,28,24,2,29#
36:10,20,24,28,1,4,22,5,12,14,19,30,16,18,29,15,3,2,38,39,17,0#
37:38,16,23,37,22,17,18,34,10,32,14#
38:26,17,12,33,0,37,14,13,36,22,8,16,29,3,30,15,21,10,28#
39:30,27,12,33,36,39,6,9,35,5,31,25,0,29,24,11,13,14,28#
40:5,22,23,3,38,19,9,26,0,34,27,6,20,29,33,16,8,10,37,31,24,14,2,7#
41:14,21,1,16,10,29,19,15,22,9,11,18,39,4,7,3#
42:26,4,15,11,2,20,3,27,38,34,21,0,25,19,35,32,1,17,5,12,10,33,29#
43:9,0,36,12,29,17,27,26,23,22#
44:7,20,28,19,15,24,30,22,0,12,34,11,1,23,9,6,29,25,26,38,14,13#
45:35,31,38,15,11,33,0,7,23,5#
46:13,19,35,26,29,5,3,20,36,12,11,28,22,14,4,0,27,1,32,17,7#
47:7,12,22,6,16,3,34,9,31,35,11,28,24,32,30,15,26,37,18,5,25#
48:34,4,5,29,18,26,30,21,9,7,20,2,16,15,0,23,25,31,32,22,17,3,27,10,38#
49:18,5,11,36,3,2,8,35,7,28,32,12,0,26#
