0:25,2,12,8,37,32,20,31#
1:2,12,8,30,4,29,1,38,7,20,33,23,11#
2:37,35,8,10,21,4,3,32,2,25#
3:34,35,31,33,9,30#
4:11,7,12,19,8,34,18,35,26,31,13,1,17#
5:11,19,35,10,15,29,20,8,37,38,31,21,27#
6:36,23,15,29,1,33,6,27,17#
7:33,10,30,9,6,8#
8:3,5,10,7,35,6,36#
9:17,30,28,0,8,33,27,22,9,1,4,7,13,26,23#
10:8,14,15,4,38,16,36,30,39,21,3,37,6#
11:2,20,15,0,1,35,37#
12:11,16,14,38,0,35,27,9,34,23,24,22,19,15#
13:32,11,34,33,16,24,31,27,10,4,21,8,2,30#
14:10,39,31,4,9,2#
15:14,17,6,29,9,8,10,5,7,22,39#
16:10,32,31,17,37,0#
17:27,37,13,17,3,15,11,8,30#
18:35,31,21,25,10,14,32,15,38,23,39,30,2,1#
19:10,37,31,38,12,24,17,8,16,0,39,21,35,19,13#
20:30,37,16,21,20,24,3,17,13,10,34,38,1#
21:31,27,3,18,22,33,6,2,35#
22:37,38,24,6,17,31,28,2,18#
23:12,32,30,27,36,8#
24:1,32,3,39,36,13,4#
25:27,0,36,25,37,10,18,30#
26:14,13,0,15,30,36,38,9,18,3,28,35,26,34,23#
27:8,7,13,32,11,35,2,28,18,12#
28:19,37,18,17,25,32,38,34,8,21,20,0,4#
29:7,37,26,33,17,2,39,13,19,1#
