0:0,12,11,3,9,1,25,4,16,22,13,15,28,7,14,18,19,8#
1:15,22,3,4,26,14,0,10,18,24,11,13,16,5,12,7#
2:13,21,5,28,24,7,14,18,11,25,0,15,10,26,20,1,4,19,27#
3:13,23,2,5,25,1,7,4,28,6,3,21,27,24,0,19,14,11,12,17,10,20,22#
4:17,29,23,2,24,11,27,12,14,15,13,9,5,20,26,8,0,28,25,6,4,18#
5:7,9,21,12,18,24,23,16,15,8,5,27,0,14#
6:26,7,12,4,3,24,9,28,23,8,18,27,10#
7:12,8,29,0,15,17,26,10,28,9,19,22,16,21,6#
8:25,13,22,2,12,19,27,1,0,16,6,29,20,18,11,21,24,10,8,5,26,7#
9:9,12,2,24,28,18,13,25,15,7,21,23,8,14,22,17,29,26#
10:4,6,14,26,23,16,22,17,2,11,1,29,12#
11:10,9,17,20,26,8,11,4,28,13,2,15,16#
12:28,0,14,3,7,5,15,17,26,22,21,23,12,9,18,16,25,29,13,19,10#
13:5,27,28,25,12,24,19,17,9,10,23,0#
14:0,12,7,8,27,28,24,5,15,17,1,29,19,6,2#
15:22,25,15,14,19,24,11,8,3,28,20,0,12,29,26#
16:7,2,12,25,10,16,21,0,3,15,26,29,22,8,9,14,19#
17:28,16,4,11,8,29,27,3,25,22,6,5,9,23,10,20,12,14,1,18,15,17,21#
18:10,0,12,6,24,18,14,23,29,17,25,13#
19:10,20,12,21,14,25,13,4,16#
