0:21,25,39,31,19,29,15,33,7,4#
1:8,11,22,24,29,13,1,4#
2:26,4,37,9,13,36,27,3,5,0,19,39,28#
3:9,31,0,39,28,23,3,38,37,26,24,14#
4:25,30,9,11,7,8,13,0,4,17,22,2,5#
5:33,12,14,4,2,5,31,39#
6:3,32,27,13,12,34#
7:21,39,4,2,34,33,15,20,25,12#
8:29,22,26,13,30,7,31,4,6,28,24,33,8,23#
9:7,37,22,32,26,27,35,31,19,21,3#
10:1,14,22,27,32,33,23,7#
11:26,33,37,21,36,27,32,28,12#
12:11,39,29,24,6,14,20,4,8,12,27,37,5,34,26#
13:0,26,15,24,36,32,39#
14:1,3,35,26,31,19,29,17#
15:8,27,16,18,22,25,13,35,24,15,9,30,17#
16:37,3,23,39,29,27,14,34,1,24,35,11,22,6#
17:22,12,28,31,4,34,25,32,27,21,16,39,38,17#
18:4,0,20,19,12,24,2,17,23#
19:13,24,11,9,12,10,1#
20:34,32,9,10,19,5#
21:1,10,37,36,34,27,12,19#
22:25,12,21,29,3,22,32,7,15,19,11,26,17,34,13#
23:18,37,22,4,31,26#
24:19,32,37,24,21,4#
25:14,3,0,18,39,31,9,19,37,5,2,29,28,1,38#
26:10,27,2,28,34,37,30,26,12,16,13,19,0,18,21#
27:30,1,32,28,31,8,9,18#
28:11,33,7,25,5,4,16,36,13,14,2,9,17,10,6#
29:31,10,37,38,15,2,36,22,28,13,25,5,17,33#
