0:7,4,16,11,23,1,24,22,6,3,2,10,13,15#
1:2,29,18,14,15,6,24,1,16,17,5,9,3,4,11#
2:3,13,1,6,5,0,15#
3:12,5,8,15,16,1,19,4,21,29,18,28,7#
4:19,5,17,7,20,8,2,23,15,14,4,21#
5:23,26,16,13,9,14#
6:7,20,12,19,26,15,16,13,11,29,2,0,8#
7:22,18,16,8,19,10,11,13,28,0#
8:14,4,20,1,27,17,15,19,18#
9:4,13,22,28,2,26,8,12,23,25,18,20,0#
10:17,21,25,0,26,12,29#
11:4,0,11,16,3,10,28,22,14,29,26,15,2,19#
12:10,9,29,25,13,8,14,21#
13:8,19,21,16,24,23,10,22,28,13,27,7,26,20#
14:5,9,3,13,23,11,24#
15:7,9,4,6,1,12,2,17,20,28#
16:8,25,12,17,2,6,1#
17:18,22,7,0,17,24,14,9,13#
18:8,6,5,0,14,22,19,4,7,28,15,25#
19:20,19,9,8,1,5,15,29,10,24,14,25,21,16,2#
20:9,2,4,6,19,11,12,21,28,25,13,18,8,5#
21:17,2,21,8,14,4,3,24#
22:21,25,7,11,2,10,24,0,6,17,26,16,22,12#
23:8,10,4,15,9,27,23,13,17,25,22#
24:15,4,26,13,24,21,18,20,8#
25:26,1,5,28,29,9#
26:26,24,0,25,19,23,27,12,1,17,22#
27:4,20,8,18,25,6,24,3,27,14,28,26,16,29,9#
28:9,25,2,16,0,12,13,27,26,21,15,19,20,3#
29:25,6,26,7,21,16,27,8,2,13,19,28#
30:12,16,9,2,27,29,10,0#
31:11,19,21,20,13,22,17,1,0,27,3,15,16,29#
32:9,14,2,15,6,28,18,25,19,26#
33:13,28,27,20,22,17#
34:5,22,24,12,16,9#
35:21,8,28,25,4,2,19,18,3,10#
36:26,1,11,19,10,21,5,14,2,28,24,16,0,17,22#
37:18,17,28,14,10,25,3,29,15,24,16#
38:5,20,8,14,28,27,26,13,19,18,7,9,25,22,6#
39:8,20,2,24,27,6,11#
