0:14,7,1,55,48,29,54,34,46,27#
1:53,47,43,18,23,45,0,44,16,33#
2:32,50,24,7,20,1,41,43,57,55,10,51#
3:32,44,58,40,43,18,30,12,48,34,37,29,20,2,1,22,39#
4:19,55,23,41,22,31,11,29,42,30,53#
5:32,10,23,49,26,57,3,45,12,15,59,16,53,40,50,41,4#
6:16,39,13,57,29,21,50,24,28#
7:10,36,58,54,25,57,6,50,51,52,3,32,40,37,13#
8:45,54,15,32,11,1,13,57,53,5,59,38,58,27,37,50,12,49#
9:2,9,7,17,21,52,59,39,44,11,55,40,57,18,16,53,33,37,29,14#
10:16,29,14,44,50,32,8,12,40,17#
11:54,38,52,20,57,32,50,6,3,4,16,5,22,33,28#
12:21,49,25,32,9,5,55,57,59,47,41,53#
13:11,32,22,13,0,12,24,17,2,54,52#
14:8,38,49,24,5,9,17,57,31,11,6,52,27,56,3,7,51#
15:47,59,5,50,1,30,22,15,51,42,53,58,23,54,28,45,41,10,17,18#
16:27,24,4,43,3,54,25,13,30,44,56,7,36,31,32,21#
17:29,46,27,10,1,42,30,57#
18:3,52,18,19,24,21,25,59,27,9,22,11,40,48,17,31,34,38,37,57#
19:8,41,33,34,32,3,22,0,25,40,39,2,55,58,36,26,29,46,45,17#
20:44,29,20,21,26,8,18,12,22,23,17,43,25#
21:39,35,5,56,31,53,43,48,44,49,26,52,2,15,14,33,36,25,59#
22:36,47,13,29,19,15,48,50,11,49,56,6,14,41,27,3,37#
23:13,33,8,12,25,57,59,24,15,41,37,39,34#
24:53,7,13,28,45,43,47,57,31,59,16,15,6,9#
25:52,8,38,21,44,40,18,17,9,12,11,55,51,20,27,46,34,33,30,7#
26:25,19,41,51,20,11,27,53,31,7,6,1,35,29,38#
27:43,30,39,33,8,36,22,15,47,59#
28:30,42,51,46,35,0,59,4,22,57#
29:56,52,26,29,37,17,2,19,49,54,10,43,13,58,42,22,11#
30:34,35,58,10,26,38,59,13,2,47,20,4,18,42,6,0,17,44,8#
31:47,8,23,39,59,46,53,33,16,29#
32:12,56,26,6,24,9,27,17#
33:16,33,45,35,40,56,41,34,3#
34:51,18,3,45,10,57,34,31,12,2#
35:5,53,26,4,19,59,10,30,50#
36:24,12,21,31,36,7,49,58,57,28,42,1,37,11,13,19,3#
37:10,0,20,21,15,57,23,25,17,35,12,52,59,27#
38:37,52,36,48,10,6,55,4,45,13,21,31,12,32,44#
39:3,55,37,20,35,25,5,42,13,24,30,17,43,45,28,47,14,27#
